2001 -522.76   265.726    7.422
1032 -522.76   265.726    7.422
1029 -1027.024   546.161    12.317
1041 -1018.079   -36.511    12.744
1089 -27.987 553.502   3.04 
1083 -509.503 -322.655    3.018
1066 -529.487  837.183   11.322
1074 -1035.107  1124.654    16.897
1081 -1014.243  -610.428    13.177
1046  -15.268 -601.13    -4.993
1037  -35.405 1130.967    7.332
1078 -1524.14    254.316    21.903
1093 474.382 274.666  -9.655
1082 -510.25  -893.613    4.149
1077 -538.378 1416.547   16.887
1035 -1529.27    829.116    25.438
1020 -1517.663  -326.954    22.732
1058  484.184 -303.857  -13.702
1051  4.697e+02  8.463e+02 -4.200e-01
1019 -1539.76   1407.133    26.174
1047 -1511.742  -902.33     22.778
1092  492.03  -882.968  -13.505
1052  463.351 1426.067    4.028
1014 -2028.796   535.595    31.832
1073 -2020.59    -43.462    33.287
1065 977.842  -9.98  -17.333
1054 972.462 566.238 -12.679
1042 -1035.685  1704.551    25.025
1012 -1009.549 -1187.73     13.316
1013    -9.339 -1176.497    -5.187
1072  -41.963 1709.265   12.969
1059 -2032.847  1112.482    34.241
1085 -2012.478  -621.969    32.925
1038  986.327 -587.919  -21.625
1075  964.947 1142.497   -8.175
1076  -507.163 -1468.073     3.283
1049 -541.865 1996.834   18.046
1091 -2523.915   246.369    43.271
1023 1467.916  280.175  -22.895
1034 -1543.684  1981.009    33.861
1011 -1506.367 -1482.265    23.125
1084   496.602 -1459.825   -14.299
109  444.612 2003.203    7.574
1033 -1045.539  2278.217    28.791
1088  -999.645 -1758.794    12.442
1045    -4.176 -1747.905    -6.207
1030  -46.837 2290.122   15.445
1022 -2537.64    827.008    44.364
1094 -2515.016  -337.168    43.995
1016 1481.418 -293.405  -25.105
1043 1471.843  861.023  -16.263
1071 -2041.14   1689.538    37.851
1024 -2007.847 -1197.445    33.25 
1090   993.32  -1163.975   -21.301
1048  9.602e+02  1.723e+03 -3.210e-01
103 -1054.732  2853.488    29.636
1055  -48.202 2867.276   17.984
1017 -2535.911  1976.091    47.68 
1040 1455.879 2018.972   -7.989
1044 -2051.243  2848.109    46.809
1010  948.984 2880.21     6.374
1039 -562.692 3728.22    30.279
1018 -1562.294  3703.384    45.294
1056  437.002 3738.672   14.135
1086 -1072.587  4585.453    39.16 
1057  -74.841 4597.082   28.261
100003 0. 0. 5.
1000032 10.216 -3.105  7.422
